16 10 A
10 8 + 12
2 1000 + 1100
2 16 1001100011100010010
2 16 0000000000000000000
10 10 / 0
2 0 / 0
16 ABCDEF / 0
10 16 1712244100017122270001712266
16 2 ABCDEF123
16 2 00000
16 2 FFFFFFFFFFFF
2 11001111100001110011010 * 000000000000000000000000000
2 10 0
2 1010100101000101010101110 + 101010100101001011000000000010011
16 0 + FFFFFFFFFFFF
16 FFFFFFFFFFFF * FFFFFFFFFFFF
16 FFFFFFFFFFFF - FFFFFFFFFFFF
16 0000000000000000 / FFFFFFFFFFFF
10 16 * 1712244100017122270001712266
10 1712244100017122270001712266 / 10
10 1712244100017122270001712266 - 1712244100017122270001712266